Observedstreamflow	2002/01/01	2013/12/31
     1   4383   4383   24 2002    1 00
3070	-6934	05BB001	   -115.572	     51.172	   2209.600	BOW RIVER AT BANFF
     7.020
     7.100
     7.310
     7.640
     7.800
     7.920
     8.110
     8.190
     7.900
     7.700
     7.540
     7.510
     7.410
     6.830
     6.200
     6.350
     6.780
     6.600
     6.840
     7.040
     7.100
     6.860
     6.770
     7.030
     7.010
     6.360
     6.560
     7.080
     7.490
     7.700
     7.810
     8.070
     8.170
     8.080
     8.000
     7.950
     7.930
     7.850
     7.850
     7.540
     7.500
     7.360
     7.010
     7.030
     7.050
     7.240
     7.190
     7.330
     7.200
     6.950
     6.910
     6.800
     6.830
     6.560
     6.240
     6.120
     6.110
     6.030
     6.010
     5.930
     5.880
     6.090
     6.260
     5.930
     6.220
     6.250
     6.470
     6.020
     6.090
     6.280
     6.170
     6.270
     5.990
     5.820
     5.750
     5.580
     5.940
     6.060
     6.090
     6.410
     6.860
     7.360
     7.340
     7.040
     6.630
     6.330
     6.240
     6.120
     6.070
     6.160
     6.230
     5.990
     6.170
     6.250
     6.500
     6.870
     7.040
     6.920
     6.930
     7.090
     7.350
     7.720
     8.480
     8.990
     8.690
     8.330
     8.150
     8.080
     8.170
     8.440
     8.760
     8.840
     8.750
     8.280
     7.940
     7.940
     7.780
     7.800
     7.980
     8.280
     8.530
     8.570
     8.990
     8.700
     8.460
     8.270
     8.080
     7.770
     7.650
     7.650
     7.690
     7.850
     8.380
     9.650
    10.400
    10.000
     9.710
     9.780
    10.200
    16.300
    46.500
    53.300
    40.900
    33.500
    29.300
    28.000
    31.700
    42.700
    56.900
    77.500
    86.900
    82.000
    80.000
    79.800
    84.600
    91.400
   115.000
    99.000
    83.300
    71.500
    66.200
    64.800
    67.200
    92.400
   132.000
   167.000
   195.000
   214.000
   209.000
   192.000
   163.000
   159.000
   166.000
   184.000
   192.000
   201.000
   205.000
   215.000
   224.000
   226.000
   207.000
   166.000
   132.000
   113.000
   104.000
    96.500
    85.900
    81.000
    91.800
   113.000
   121.000
   126.000
   136.000
   140.000
   140.000
   139.000
   125.000
   115.000
   112.000
   109.000
   105.000
    95.000
    85.100
    79.900
    77.900
    79.500
    85.600
    91.000
    81.400
    73.700
    66.600
    59.800
    53.300
    50.800
    54.600
    48.800
    46.500
    44.700
    42.600
    40.500
    39.200
    39.300
    41.400
    40.800
    40.000
    43.100
    45.600
    45.600
    42.400
    39.100
    37.400
    36.900
    36.600
    36.500
    36.800
    38.200
    41.800
    44.200
    44.700
    44.200
    44.200
    44.500
    44.700
    46.300
    49.200
    49.400
    54.400
    48.200
    45.600
    42.400
    39.400
    36.400
    34.000
    32.800
    32.400
    32.500
    32.700
    32.400
    32.400
    31.900
    30.800
    29.500
    29.400
    28.000
    26.600
    25.500
    25.500
    25.000
    24.100
    24.100
    23.400
    22.900
    26.000
    25.000
    23.700
    23.100
    22.700
    22.100
    21.800
    22.100
    22.500
    21.800
    21.000
    20.500
    19.500
    19.900
    19.500
    19.100
    18.800
    18.400
    18.100
    17.700
    17.500
    17.200
    17.100
    16.100
    14.700
    14.300
    14.400
    13.800
    13.600
    13.100
    10.900
    10.200
    11.000
    11.300
    11.200
    11.300
    11.400
    12.100
    13.000
    13.200
    13.300
    13.200
    12.900
    12.500
    12.300
    12.100
    12.000
    11.700
    11.800
    11.700
    11.700
    11.700
    11.600
    11.500
    11.100
     8.860
     7.970
     8.530
     9.800
    10.300
    10.200
     9.920
     9.530
     9.510
     9.840
     8.820
     7.490
     7.990
     7.930
     8.360
     8.630
     8.820
     9.510
     9.500
     9.890
     9.900
    10.000
    10.000
     9.860
     9.210
     8.800
     7.850
     7.370
     7.060
     7.360
     7.240
     7.460
     8.080
     8.530
     8.720
     8.950
     8.920
     8.980
     8.890
     9.120
     9.370
     9.400
     9.540
     9.440
     9.210
     9.030
     8.350
     7.490
     7.480
     8.580
     8.940
     8.550
     8.650
     8.530
     8.360
     8.350
     8.440
     8.600
     8.350
     7.450
     8.110
     8.720
     8.700
     8.790
     8.920
     8.650
     8.320
     8.350
     8.360
     8.250
     7.980
     7.820
     7.780
     7.560
     7.160
     7.110
     7.290
     7.430
     7.360
     7.090
     7.040
     6.740
     6.840
     6.870
     6.950
     6.910
     6.710
     6.650
     6.670
     6.270
     5.930
     5.640
     6.330
     6.450
     6.670
     6.920
     6.770
     6.890
     6.840
     6.790
     6.400
     6.850
     6.300
     6.250
     6.500
     6.900
     7.460
     7.820
     8.050
     8.700
     8.640
     8.250
     7.820
     7.750
     7.710
     7.890
     7.790
     7.890
     7.930
     8.010
     7.860
     7.740
     7.770
     7.840
     7.800
     7.850
     7.970
     8.390
     8.280
     7.960
     7.680
     7.680
     7.800
     7.750
     8.000
     8.250
     8.760
     8.830
     9.110
     9.230
     9.580
     9.920
     9.760
     9.740
     9.420
     9.110
     8.940
     9.090
     9.600
    10.200
    11.300
    12.400
    23.800
    29.900
    26.000
    23.000
    20.400
    18.600
    18.500
    19.100
    19.800
    18.600
    17.500
    17.000
    16.200
    15.400
    14.800
    14.500
    14.500
    15.700
    17.600
    20.000
    23.500
    24.000
    21.700
    20.300
    18.800
    18.100
    17.700
    17.900
    19.600
    26.700
    78.300
   139.000
   133.000
   126.000
   138.000
   147.000
   148.000
   149.000
   157.000
   140.000
   123.000
   122.000
   123.000
   129.000
   147.000
   153.000
   152.000
   164.000
   148.000
   142.000
   147.000
   136.000
   121.000
   119.000
   129.000
   150.000
   157.000
   153.000
   133.000
   116.000
   102.000
    91.400
    89.000
    94.700
    98.400
    98.800
   104.000
   109.000
    99.700
    88.400
    75.700
    72.400
    74.900
    70.700
    70.700
    73.700
    68.800
    68.400
    74.200
    84.600
    87.200
    78.800
    74.100
    75.200
    74.500
    70.100
    68.900
    69.300
    68.700
    70.000
    69.200
    66.200
    62.700
    59.200
    58.900
    59.700
    60.100
    60.000
    61.300
    61.700
    60.000
    57.200
    54.700
    53.600
    53.300
    53.600
    52.300
    51.700
    52.300
    50.300
    47.200
    44.800
    43.400
    43.300
    45.500
    46.600
    48.400
    47.900
    45.200
    44.000
    43.400
    41.200
    38.000
    35.700
    37.400
    38.400
    36.200
    35.000
    34.400
    34.300
    33.900
    33.500
    34.100
    35.000
    35.000
    35.100
    35.700
    39.700
    37.200
    33.700
    33.500
    30.700
    28.600
    28.200
    28.700
    27.700
    26.400
    25.500
    25.400
    24.500
    23.700
    23.800
    24.200
    23.500
    23.000
    22.400
    22.100
    21.900
    21.600
    21.200
    20.800
    20.500
    20.300
    20.100
    19.900
    19.800
    20.000
    20.400
    20.100
    19.500
    19.100
    19.000
    18.700
    18.100
    17.800
    20.200
    31.100
    30.600
    29.200
    42.800
    75.400
    76.500
    69.700
    58.100
    50.900
    46.200
    43.100
    40.200
    33.700
    26.500
    28.700
    28.300
    25.400
    21.200
    18.100
    16.400
    16.000
    16.500
    18.100
    22.400
    24.000
    22.900
    21.900
    21.100
    20.700
    22.200
    22.700
    22.200
    21.200
    19.000
    17.400
    14.600
    13.400
    17.100
    17.500
    17.700
    17.500
    18.000
    17.700
    16.500
    15.700
    14.300
    15.600
    16.700
    16.200
    16.300
    16.400
    15.600
    15.500
    15.000
    13.500
    12.400
    13.100
    14.000
    14.000
    14.000
    13.700
    13.600
    13.200
    12.700
    12.300
    11.900
    11.200
    11.200
    11.700
    11.400
    10.200
     8.850
     9.180
     9.350
     9.520
     9.530
     9.710
     9.680
     8.960
     8.690
     8.790
     9.020
     9.480
    10.000
    10.300
    10.600
    10.500
    10.500
    10.400
     9.990
     9.560
     9.470
     9.630
     9.420
     8.980
     8.560
     8.690
     8.870
     8.660
     8.200
     7.800
     8.000
     8.200
     8.400
     8.970
     9.360
     9.600
     9.350
     9.090
     9.400
     9.630
     9.300
     9.360
     9.490
     9.120
     9.250
     9.160
     8.960
     9.190
     9.060
     9.840
    10.200
     9.820
     9.750
     9.470
     9.130
     8.830
     8.670
     8.570
     8.750
     8.660
     8.720
     8.690
     8.570
     8.480
     8.480
     8.280
     7.960
     8.340
     8.240
     8.170
     8.150
     8.270
     8.380
     8.230
     8.380
     8.620
     8.520
     8.300
     8.180
     8.240
     8.290
     8.290
     8.220
     7.990
     8.110
     8.570
     8.630
     8.640
     8.580
     8.530
     8.480
     8.450
     8.580
     8.820
     9.720
     9.570
     9.050
     8.980
     9.350
     9.410
     9.480
     9.810
    10.000
    10.000
     9.890
    10.100
    10.800
    11.600
    12.500
    13.000
    12.700
    12.300
    12.100
    11.900
    11.800
    11.700
    11.900
    12.300
    12.900
    12.700
    13.000
    15.400
    17.700
    17.700
    17.900
    19.600
    24.100
    27.900
    30.000
    32.800
    30.700
    28.400
    27.500
    30.000
    30.900
    29.900
    28.200
    26.300
    25.000
    24.200
    24.200
    25.300
    28.800
    34.800
    44.300
    51.000
    47.600
    42.900
    39.000
    36.500
    35.700
    37.500
    39.100
    42.900
    42.600
    41.800
    41.100
    41.400
    43.300
    55.900
    78.100
   108.000
   116.000
   109.000
   101.000
   106.000
   145.000
   162.000
   155.000
   141.000
   117.000
    98.900
    91.900
    89.500
    91.500
    99.200
   116.000
   129.000
   145.000
   153.000
   147.000
   144.000
   137.000
   125.000
   124.000
   131.000
   147.000
   146.000
   147.000
   149.000
   142.000
   124.000
   119.000
   110.000
    96.600
    86.000
    84.200
    83.800
    76.300
    75.000
    76.800
    79.600
    82.900
    86.400
    89.100
    94.700
    90.100
    79.700
    73.000
    69.300
    68.000
    68.500
    65.400
    59.800
    56.600
    56.500
    57.900
    55.800
    53.700
    53.200
    53.300
    54.900
    55.000
    54.200
    53.700
    51.600
    49.100
    47.400
    46.900
    47.300
    48.600
    50.800
    53.400
    55.200
    55.900
    54.400
    53.500
    51.900
    68.400
    73.800
    70.200
    73.000
    66.400
    65.800
    65.300
    65.400
    65.900
    67.200
    64.400
    64.300
    61.400
    57.800
    57.000
    52.800
    48.900
    45.300
    44.700
    45.400
    46.500
    53.900
    50.900
    47.300
    44.500
    42.400
    41.200
    41.000
    42.500
    39.800
    37.500
    36.500
    36.700
    35.500
    34.400
    33.700
    33.300
    32.700
    32.700
    34.500
    32.900
    31.800
    30.900
    30.000
    29.300
    28.800
    30.000
    29.100
    28.600
    29.000
    27.900
    27.000
    26.400
    26.600
    32.200
    31.700
    30.800
    30.000
    29.100
    28.000
    27.800
    27.100
    26.800
    25.900
    24.800
    24.500
    22.200
    22.500
    23.700
    22.700
    22.000
    20.500
    21.900
    21.100
    21.200
    20.900
    22.200
    21.700
    21.100
    21.100
    20.800
    19.500
    17.200
    17.800
    18.300
    19.400
    19.800
    18.700
    16.900
    16.700
    16.400
    15.800
    15.200
    14.600
    13.900
    16.800
    14.600
    13.100
    12.500
    11.000
    11.400
    12.000
    13.100
    15.100
    15.700
    15.200
    13.700
    13.300
    13.600
    14.000
    14.600
    15.800
    13.700
    11.600
    13.600
    15.600
    14.300
    14.200
    13.600
    14.000
    13.900
    12.900
    11.600
    10.200
    10.400
    11.800
    12.100
    11.500
    11.100
    10.700
    10.300
    10.100
    10.200
    10.700
     9.900
     9.510
     9.270
     9.550
    10.100
    10.000
    10.000
     9.910
     9.750
     9.720
     9.440
     9.240
     9.330
     9.530
     9.820
    10.100
    10.500
    10.900
    11.000
    10.700
    10.900
    11.300
    11.300
    11.400
    11.600
    11.700
    11.600
    11.600
    11.500
    11.400
    11.600
    11.500
    11.300
    10.500
     9.960
     9.510
     9.300
     9.650
    10.200
    10.500
    10.200
    10.700
    10.100
     9.230
     8.970
     9.150
     9.250
     9.260
     9.270
     9.420
     9.360
     9.560
     9.570
     9.420
     9.420
     9.130
     9.040
     9.220
     9.150
     9.130
     9.020
     9.140
     9.340
     9.240
     9.030
     9.340
     9.340
     9.410
     9.500
     9.410
     9.330
     9.280
     9.240
     9.180
     8.900
     8.600
     9.100
     9.420
     9.050
     8.620
     8.440
     8.960
     8.800
     8.810
     8.910
     8.880
     8.830
     8.680
     8.770
     8.830
     8.680
     8.760
     8.850
     8.820
     9.010
     9.720
     9.750
     9.480
     9.490
     9.410
     9.230
     9.140
     9.010
     9.120
     9.760
     9.670
     9.550
     9.910
    10.700
    12.100
    14.700
    18.500
    22.300
    28.800
    31.700
    29.600
    26.100
    24.100
    22.500
    21.000
    20.900
    21.300
    22.400
    25.500
    29.500
    34.300
    38.500
    38.800
    36.600
    37.300
    42.800
    53.500
    68.900
    80.900
   104.000
   103.000
    90.200
    78.700
    69.100
    61.600
    56.600
    51.400
    48.100
    47.500
    52.800
    64.100
    79.700
    92.500
   104.000
   111.000
   110.000
   116.000
   121.000
   129.000
   131.000
   130.000
   118.000
   107.000
   100.000
    99.000
    97.700
    97.600
    94.000
    85.600
    77.100
    75.800
   134.000
   142.000
   139.000
   144.000
   160.000
   167.000
   141.000
   123.000
   116.000
   108.000
   114.000
   121.000
   122.000
   127.000
   122.000
   110.000
    98.400
    92.600
   101.000
   116.000
   105.000
    99.700
    92.700
    83.200
    78.500
    79.300
    79.300
    75.200
    76.400
    83.500
    81.800
    89.700
    88.000
    79.500
    75.100
    83.200
    87.600
    79.500
    71.100
    65.100
    62.400
    63.400
    64.200
    63.100
    63.200
    63.700
    59.400
    54.700
    51.400
    50.600
    50.800
    51.300
    49.800
    48.100
    48.400
    45.600
    42.900
    40.400
    40.300
    41.600
    54.300
    57.600
    49.400
    45.100
    43.200
    43.600
    47.800
    52.100
    45.900
    43.600
    42.500
    41.600
    42.000
    43.100
    40.000
    37.800
    36.600
    40.100
    38.900
    37.600
    35.500
    33.600
    32.300
    35.200
    39.700
    38.400
    36.900
    36.300
    35.700
    36.900
    38.700
    37.400
    35.900
    34.700
    35.400
    34.600
    33.700
    33.100
    32.100
    31.200
    30.400
    31.100
    30.900
    32.000
    49.700
    52.600
    48.300
    44.000
    41.000
    38.500
    36.700
    35.700
    34.900
    33.400
    32.100
    31.600
    31.100
    30.700
    30.400
    29.700
    29.400
    31.600
    33.300
    31.500
    31.100
    29.700
    28.800
    28.400
    27.900
    27.600
    27.600
    27.500
    27.100
    26.500
    26.400
    25.900
    25.900
    25.900
    24.900
    24.500
    23.800
    23.300
    22.600
    22.400
    22.200
    22.100
    21.700
    21.200
    20.200
    20.000
    19.800
    19.000
    17.900
    17.500
    17.000
    16.500
    16.000
    15.500
    15.100
    14.700
    13.900
    13.500
    13.100
    12.800
    12.500
    12.100
    11.200
    10.600
    11.300
    11.000
    11.700
    11.900
    12.200
    12.500
    12.700
    13.700
    14.000
    14.300
    14.500
    14.300
    13.500
    13.200
    13.100
    12.500
    12.300
    13.000
    13.800
    14.600
    14.500
    14.100
    13.800
    13.600
    13.300
    13.000
    12.800
    12.700
    12.700
    12.700
    12.700
    12.700
    12.800
    12.700
    12.800
    12.800
    12.800
    12.600
    12.600
    12.700
    12.500
    12.600
    12.500
    12.300
    11.700
    12.200
    12.200
    11.900
    11.400
    11.500
    11.200
    11.900
    11.700
    11.200
    11.300
    11.000
    10.700
    10.800
    10.800
    10.700
    10.600
    10.400
    10.300
    10.400
    10.300
     9.400
     9.470
    10.000
     9.590
     8.450
     8.430
     8.990
     9.530
     9.560
     8.820
     8.440
     7.840
     7.830
     8.410
     8.830
     9.020
     9.150
     9.090
     8.910
     8.580
     9.110
     9.350
     9.440
     9.370
     9.280
     9.440
     9.310
     9.170
     9.480
     9.380
     9.120
     9.000
     8.530
     8.640
     8.530
     8.490
     8.650
     8.910
     8.760
     8.890
     8.880
     8.710
     8.700
     8.720
     8.710
     8.760
     8.640
     8.560
     8.550
     8.420
     8.370
     8.460
     8.430
     8.420
     8.500
     8.500
     8.440
     8.430
     8.390
     8.500
     8.640
     9.210
     9.620
     9.270
     9.300
     9.350
     9.330
     9.290
     9.500
     9.500
     9.500
    10.100
    11.700
    13.700
    16.500
    14.300
    14.500
    15.600
    17.100
    19.000
    18.500
    18.900
    23.000
    23.900
    23.900
    22.900
    20.800
    19.700
    21.100
    24.400
    25.200
    24.200
    22.800
    22.100
    22.100
    23.800
    24.900
    24.400
    27.000
    38.700
    65.400
   102.000
   136.000
   145.000
   168.000
   164.000
   160.000
   168.000
   160.000
   143.000
   123.000
   104.000
    90.600
    83.600
    78.200
    82.200
    98.800
   114.000
   117.000
   110.000
   107.000
   101.000
   107.000
   116.000
   124.000
   116.000
   107.000
   101.000
   116.000
   138.000
   167.000
   156.000
   132.000
   112.000
   102.000
    95.400
    87.700
    82.200
    77.800
    77.700
    82.600
    90.000
    97.900
   102.000
    98.200
    91.300
    86.600
    84.100
    82.400
    84.900
    86.300
    89.900
    84.700
    79.500
    88.900
    90.300
    81.600
    75.100
    71.500
    67.700
    63.100
    59.100
    56.800
    54.500
    51.800
    51.300
    53.800
    58.600
    63.900
    65.400
    64.800
    64.500
    63.700
    61.500
    59.400
    55.000
    47.500
    43.500
    40.600
    39.100
    37.700
    35.700
    35.500
    37.100
    39.200
    42.500
    51.800
    50.000
    45.000
    41.100
    40.100
    39.900
    38.700
    37.900
    38.100
    38.200
    38.300
    38.900
    41.600
    40.700
    38.200
    36.700
    36.600
    36.400
    37.200
    44.900
    51.200
    42.700
    38.700
    37.200
    36.500
    36.600
    37.000
    37.300
    37.100
    36.800
    37.300
    35.800
    34.900
    35.600
    37.200
    35.100
    33.100
    31.100
    29.800
    29.500
    29.600
    29.500
    29.100
    28.000
    27.200
    26.900
    27.000
    27.800
    28.100
    28.500
    28.300
    28.100
    27.200
    26.500
    25.300
    24.500
    24.100
    24.100
    23.300
    22.500
    22.000
    21.600
    21.100
    20.700
    20.400
    20.200
    20.600
    20.100
    19.500
    19.100
    18.900
    18.500
    17.800
    17.700
    17.500
    17.300
    17.100
    17.400
    17.400
    16.000
    13.900
    11.500
    10.900
    11.500
    12.700
    14.600
    15.700
    15.900
    16.200
    16.300
    15.900
    15.600
    15.800
    15.300
    14.800
    13.900
    14.000
    14.000
    12.900
    13.000
    13.300
    13.300
    12.900
    12.700
    12.500
    12.100
     9.460
     8.210
     8.150
     8.560
     9.230
    10.700
    11.600
    12.000
    11.900
    12.300
    12.900
    13.000
    13.000
    13.000
    12.600
    12.100
    11.800
    11.700
    11.300
    11.100
    11.000
    10.700
     9.410
     9.330
    10.700
    10.500
    10.700
    10.800
    10.400
     9.690
    10.100
    10.500
    10.500
    10.100
     8.960
     9.350
     9.750
    10.100
    10.500
    10.800
    10.700
    10.300
    10.500
    10.600
    10.600
    10.600
    10.700
     9.770
     9.050
     9.390
     9.650
     9.450
     9.790
    10.000
     9.390
     9.550
     9.780
     9.330
     9.430
     9.360
     9.260
     9.040
     8.700
     8.110
     8.220
     8.260
     8.500
     8.420
     8.650
     8.540
     8.580
     8.730
     9.070
     9.420
     9.510
     9.060
     8.540
     8.700
     8.810
     8.370
     8.070
     7.980
     8.960
     9.240
     9.000
     8.880
     8.810
     8.770
     8.620
     8.430
     8.300
     8.560
     9.110
     9.210
     9.100
     8.790
     8.700
     8.760
     9.000
     9.100
     9.300
     9.270
     9.050
     9.150
     8.960
     8.830
     8.950
     9.300
     9.400
     9.300
     9.240
     9.820
     9.850
     9.910
     9.920
    10.300
     9.930
     9.670
     9.680
     9.910
    10.000
    10.100
    10.000
    10.000
     9.910
     9.900
     9.940
     9.910
     9.470
     8.990
     9.060
     9.130
     9.030
     9.160
     9.600
    10.400
    10.700
    10.600
    10.300
    10.300
    10.400
    10.500
    10.400
    10.400
    10.400
    10.300
    10.400
    10.300
    10.300
    10.400
    10.800
    11.400
    11.800
    12.000
    12.800
    14.600
    14.600
    14.200
    14.800
    17.100
    19.100
    18.300
    17.500
    17.700
    20.500
    29.000
    34.800
    35.800
    39.300
    46.200
    44.900
    43.900
    49.900
    63.300
    77.600
    90.100
    93.600
    83.900
    72.200
    65.800
    63.800
    58.000
    55.600
    57.500
    63.500
    66.600
    78.400
    99.200
   126.000
   155.000
   184.000
   210.000
   242.000
   275.000
   298.000
   257.000
   220.000
   193.000
   184.000
   169.000
   143.000
   124.000
   110.000
   108.000
   119.000
   125.000
   125.000
   126.000
   144.000
   158.000
   158.000
   148.000
   134.000
   116.000
   108.000
   110.000
   123.000
   148.000
   141.000
   127.000
   119.000
   121.000
   131.000
   149.000
   162.000
   150.000
   130.000
   120.000
   113.000
   114.000
   120.000
   125.000
   127.000
   126.000
   121.000
   119.000
   129.000
   132.000
   119.000
   108.000
   102.000
   107.000
   105.000
    93.400
    85.600
    81.700
    80.000
    78.200
    74.800
    67.800
    63.100
    61.000
    59.800
    57.200
    55.600
    54.300
    56.800
    58.900
    65.300
    65.400
    56.300
    50.700
    47.600
    45.100
    43.700
    44.300
    45.600
    47.100
    47.200
    44.400
    41.100
    38.600
    37.000
    35.900
    36.900
    39.100
    37.200
    34.700
    33.300
    34.300
    42.400
    44.100
    43.100
    43.700
    41.800
    40.700
    38.200
    35.900
    33.500
    31.700
    31.200
    34.900
    36.100
    33.300
    31.900
    31.000
    30.200
    29.200
    28.300
    27.200
    26.400
    26.300
    26.600
    26.100
    25.100
    24.600
    24.000
    23.900
    26.600
    25.600
    24.600
    24.200
    24.600
    23.900
    23.300
    22.800
    22.300
    22.100
    22.000
    21.900
    22.300
    22.100
    21.600
    21.200
    20.900
    20.700
    20.600
    20.200
    20.000
    20.100
    19.700
    19.400
    19.500
    20.300
    23.400
    21.600
    18.900
    18.600
    18.600
    18.500
    18.100
    17.700
    17.300
    17.600
    17.500
    17.400
    17.000
    17.300
    16.900
    16.900
    16.600
    16.000
    16.100
    16.300
    15.900
    15.300
    15.600
    15.300
    15.000
    12.800
    10.700
     9.400
     9.230
     9.610
    10.000
    11.100
    11.500
    11.800
    12.200
    11.900
    10.700
     9.890
    10.100
    11.200
    11.700
    12.800
    13.600
    12.900
    11.600
    11.800
    11.900
    12.000
    12.100
    12.000
    11.900
    11.800
    11.900
    12.000
    11.800
    11.600
    11.500
    10.900
     9.850
    11.000
    11.200
    11.100
    10.800
    10.500
    10.000
     9.900
     9.880
     9.840
     9.420
     9.260
     9.710
     9.880
     9.890
     9.750
     9.640
     9.730
     9.840
     9.910
     9.840
     9.660
     9.570
     9.440
     9.470
     8.370
     8.840
     9.540
     9.570
     8.960
     8.190
     8.890
     8.990
     8.910
     9.110
     9.350
     8.900
     8.480
     8.250
     8.450
     8.600
     8.600
     8.690
     8.640
     8.510
     8.560
     8.620
     8.570
     8.560
     8.470
     8.150
     8.500
     8.650
     8.770
     8.630
     8.680
     8.570
     8.310
     8.390
     8.240
     8.190
     8.150
     8.170
     8.180
     8.110
     8.210
     8.080
     8.340
     8.230
     7.820
     7.880
     7.710
     7.520
     7.730
     7.320
     7.520
     7.780
     7.570
     7.380
     7.450
     7.440
     7.400
     7.190
     7.090
     7.270
     7.320
     7.320
     7.270
     7.240
     7.340
     7.520
     7.460
     7.280
     7.420
     7.070
     7.100
     7.100
     7.170
     7.300
     7.150
     7.000
     7.100
     7.400
     7.510
     7.630
     7.690
     7.710
     7.760
     7.770
     7.830
     7.880
     7.860
     8.090
     8.610
     9.400
     9.200
     8.990
     8.860
     9.130
     8.630
     8.310
     8.300
     8.340
     8.470
     8.520
     8.490
     8.330
     8.450
     8.700
     9.240
     9.530
     9.370
     9.210
     9.480
    10.100
    11.100
    11.900
    12.600
    13.700
    13.200
    12.600
    12.600
    13.000
    13.500
    14.000
    15.300
    23.600
    34.600
    50.600
    75.300
    75.300
    99.300
    97.300
    82.200
    73.700
    80.200
    85.100
    76.400
    76.800
    83.500
    93.100
    98.000
   108.000
   119.000
   132.000
   134.000
   137.000
   138.000
   123.000
   107.000
    96.500
    89.100
    84.500
    77.400
    77.900
    88.600
    82.400
    80.100
    85.000
    89.900
    87.900
    85.700
    90.000
   120.000
   136.000
   127.000
   124.000
   117.000
   104.000
   104.000
   118.000
   145.000
   163.000
   160.000
   151.000
   149.000
   153.000
   139.000
   126.000
   108.000
    94.100
    95.000
   100.000
    86.300
    77.300
    76.200
    76.500
    73.800
    69.000
    68.300
    66.500
    63.300
    63.800
    68.900
    77.100
    84.700
    76.800
    71.100
    72.700
    74.600
    69.500
    66.100
    62.100
    57.100
    57.800
    52.200
    48.600
    46.300
    45.600
    46.400
    48.800
    54.300
    67.700
    62.600
    53.900
    49.100
    46.500
    46.800
    49.900
    52.800
    56.200
    59.200
    64.000
    60.700
    62.300
    54.300
    49.000
    48.100
    50.000
    45.100
    41.300
    40.200
    58.600
    57.900
    51.300
    45.700
    41.800
    39.300
    36.900
    35.900
    34.600
    33.500
    32.600
    34.000
    32.300
    31.800
    35.100
    34.000
    32.500
    31.500
    30.800
    30.300
    29.900
    29.700
    30.000
    35.200
    35.100
    32.900
    31.500
    31.100
    30.000
    28.900
    27.900
    27.100
    26.500
    26.100
    26.300
    27.300
    27.800
    28.400
    27.900
    27.700
    26.000
    24.900
    23.800
    22.800
    23.100
    23.400
    22.300
    21.900
    21.800
    24.700
    24.000
    22.600
    22.200
    21.000
    21.100
    20.200
    20.100
    18.100
    17.700
    18.000
    18.300
    18.100
    17.700
    17.700
    17.800
    17.600
    17.400
    17.200
    17.000
    16.900
    17.000
    16.900
    16.500
    16.300
    16.300
    16.000
    15.500
    15.000
    16.000
    16.100
    16.000
    15.000
    11.500
    12.900
    13.000
    12.500
    11.300
    11.400
    11.200
    10.800
    10.100
    11.900
    13.000
    13.500
    13.500
    11.600
     8.900
     9.840
    12.200
    13.200
    13.200
    12.900
    13.200
    13.200
    12.800
    11.900
     9.290
     9.060
     9.500
    11.600
    11.300
    11.000
    10.300
    10.300
    10.800
    11.200
    11.900
    11.800
    11.500
    11.300
    11.500
    11.600
    11.300
    11.500
    11.700
    11.400
    10.400
    10.700
    11.000
    11.100
    11.100
    11.100
    10.800
    10.700
    10.600
    10.400
    10.200
     9.900
     9.630
     9.300
     9.170
     9.180
     9.100
     9.140
     9.000
     8.820
     8.700
     8.500
     8.200
     8.000
     8.500
     9.200
     9.620
     9.910
     9.750
     9.630
     9.520
     9.510
     9.430
     9.200
     8.880
     8.650
     8.440
     8.300
     8.090
     7.900
     7.750
     7.710
     7.740
     8.000
     8.400
     8.870
     8.800
     8.790
     8.690
     8.530
     8.550
     8.630
     8.430
     8.200
     8.100
     8.220
     8.600
     9.100
     9.100
     8.900
     8.680
     8.420
     8.130
     7.900
     7.800
     7.700
     7.650
     7.770
     8.500
     9.250
     9.100
     8.900
     8.660
     8.390
     8.190
     8.240
     8.220
     8.220
     8.160
     8.060
     7.850
     7.750
     7.410
     7.600
     7.670
     7.620
     7.650
     7.500
     7.520
     7.390
     7.540
     7.560
     7.530
     7.740
     8.030
     8.300
     8.600
     8.930
     8.910
     8.950
     8.870
     8.710
     8.510
     8.400
     8.590
     8.720
     8.720
     8.770
     9.390
    10.000
     9.900
     9.770
     9.570
     9.480
     9.090
     8.800
     8.580
     8.590
     8.610
     8.740
     9.610
    10.400
    11.000
    11.400
    11.500
    11.700
    12.200
    12.800
    14.300
    15.600
    15.700
    14.800
    14.500
    14.300
    15.600
    23.400
    26.200
    26.700
    24.100
    22.600
    24.000
    28.900
    35.800
    41.100
    45.100
    45.900
    52.400
    81.600
    98.200
    92.700
    82.700
    83.000
    93.700
   108.000
   109.000
    89.900
    74.000
    63.100
    56.700
    56.000
    67.700
    84.400
   107.000
   129.000
   142.000
   143.000
   135.000
   126.000
   115.000
   116.000
   114.000
   107.000
    95.500
    91.200
    91.100
    81.000
    75.300
    75.600
    72.600
    67.600
    63.200
    61.000
    60.900
    63.400
    71.000
    95.700
    87.600
    81.900
    77.600
    75.400
    74.600
    77.100
    86.000
    94.700
    86.400
    81.600
    78.900
    80.800
    75.700
    69.500
    65.800
    65.600
    66.100
    68.000
    70.100
    72.000
    75.500
    73.500
    67.700
    68.100
    66.000
    68.900
    68.600
    69.900
    65.700
    63.500
    60.000
    56.200
    54.600
    53.300
    58.500
    64.300
    57.800
    65.400
    64.000
    56.900
    53.000
    51.400
    51.400
    51.600
    53.100
    57.400
    54.100
    49.100
    45.300
    43.300
    41.600
    40.200
    39.600
    40.200
    40.800
    41.500
    43.000
    44.300
    45.300
    40.000
    38.100
    38.400
    35.900
    32.900
    31.700
    30.400
    29.000
    28.200
    28.400
    29.100
    30.200
    32.400
    35.400
    33.100
    32.300
    30.500
    28.400
    28.600
    29.600
    30.400
    29.500
    28.100
    26.500
    25.100
    23.800
    22.700
    21.800
    21.900
    21.200
    20.300
    19.800
    19.600
    18.900
    17.500
    15.600
    14.700
    13.900
    13.400
    13.100
    12.900
    14.300
    17.200
    20.500
    21.100
    19.400
    18.400
    17.700
    17.200
    17.000
    16.400
    16.200
    16.200
    15.700
    15.000
    15.100
    15.500
    15.500
    14.400
    14.000
    13.600
    14.300
    15.000
    14.600
    14.200
    13.700
    12.600
    11.900
    10.800
    10.500
    10.700
    11.200
    11.800
    12.000
    11.700
    11.400
    11.500
    11.600
    11.000
    10.800
    10.700
    10.200
     9.600
     9.000
     8.380
     9.120
     9.980
     8.480
     6.800
     6.750
     6.900
     7.210
     6.630
     6.300
     6.660
     6.960
     7.600
     7.400
     7.200
     7.000
     7.500
     8.120
     8.720
     9.200
     9.500
     9.780
     9.430
     9.080
     8.680
     8.300
     7.890
     8.420
     8.690
     8.890
     8.980
     8.850
     8.840
     8.720
     9.150
     9.600
     9.850
     9.400
     9.040
     8.300
     8.000
     8.300
     8.630
     8.850
     8.780
     8.570
     8.230
     7.890
     7.720
     7.650
     7.250
     7.560
     7.560
     7.580
     7.250
     7.060
     7.220
     7.520
     7.540
     7.540
     6.870
     7.020
     7.730
     7.790
     7.780
     7.720
     7.740
     7.770
     7.720
     7.290
     7.570
     7.330
     7.340
     7.160
     7.710
     7.650
     7.620
     7.610
     7.540
     7.580
     7.480
     7.540
     7.580
     7.190
     7.310
     6.980
     7.160
     7.160
     7.310
     7.380
     7.220
     7.340
     7.320
     7.300
     7.280
     7.330
     7.280
     7.240
     7.120
     7.050
     7.060
     6.980
     6.550
     6.690
     7.190
     7.120
     6.920
     7.040
     7.160
     7.250
     7.190
     7.080
     7.040
     7.180
     7.160
     7.110
     7.100
     7.050
     7.130
     7.210
     7.150
     7.130
     7.120
     6.860
     6.630
     6.630
     6.710
     6.630
     6.400
     6.550
     6.910
     7.230
     7.280
     7.420
     7.770
     7.880
     8.080
     8.190
     8.260
     8.310
     8.590
     9.130
    10.100
    11.300
    13.700
    18.200
    20.400
    19.000
    17.100
    15.400
    14.800
    14.400
    14.200
    13.500
    13.200
    13.300
    13.300
    13.200
    12.700
    12.300
    12.000
    11.800
    11.800
    11.700
    11.900
    11.800
    12.400
    13.700
    15.400
    18.700
    23.900
    35.000
    62.700
    82.100
    68.400
    55.800
    47.600
    41.000
    37.500
    35.600
    35.000
    34.400
    33.300
    32.100
    30.700
    30.100
    31.800
    37.100
    41.600
    40.200
    41.300
    44.800
    50.800
    55.500
    61.700
    59.300
    57.900
    71.200
   103.000
   113.000
   103.000
    89.300
    78.100
    74.200
    81.100
    95.200
   113.000
   125.000
   131.000
   133.000
   128.000
   121.000
   126.000
   134.000
   138.000
   119.000
   100.000
    87.600
    78.600
    76.600
    70.600
    66.400
    70.800
    80.300
    91.100
    97.300
   104.000
   104.000
    90.700
    80.900
    80.600
    79.100
    74.900
    74.800
    75.400
    70.700
    68.500
    66.900
    66.300
    67.000
    67.800
    67.300
    68.400
    70.000
    68.900
    66.700
    64.200
    70.200
    67.100
    61.500
    56.600
    55.400
    56.500
    56.800
    56.400
    58.500
    55.000
    52.700
    52.400
    50.900
    48.800
    47.700
    47.600
    47.000
    48.100
    46.600
    43.500
    41.300
    39.500
    36.200
    34.500
    35.000
    39.100
    37.500
    34.900
    33.600
    31.800
    30.500
    29.200
    27.700
    26.700
    27.400
    26.900
    26.100
    26.200
    26.000
    25.200
    24.800
    25.200
    26.300
    27.000
    26.200
    27.400
    32.100
    31.300
    30.900
    35.900
    42.700
    42.200
    39.400
    37.100
    35.200
    35.900
    43.000
    49.900
    90.900
    77.700
    65.200
    56.500
    50.400
    46.000
    42.900
    39.700
    37.200
    35.400
    33.900
    32.800
    33.800
    32.200
    30.900
    29.700
    29.100
    28.100
    26.800
    26.000
    25.600
    25.100
    24.600
    24.100
    23.800
    23.600
    23.400
    23.100
    22.800
    22.100
    21.500
    21.100
    20.400
    20.500
    21.000
    20.600
    19.800
    19.700
    20.100
    21.300
    21.900
    20.400
    19.000
    15.900
    16.500
    16.300
    16.700
    16.900
    16.600
    13.300
    10.900
     9.980
     9.260
     9.090
     9.000
     9.210
     9.330
     9.650
    10.800
    11.800
    12.200
    12.000
    11.600
    12.100
    13.000
    13.200
    12.800
    11.500
    10.800
    11.500
    12.400
    13.600
    13.400
    12.000
    11.000
    10.000
     9.200
     8.700
     8.200
     8.100
     8.200
     8.620
     8.840
     9.490
    10.300
    10.500
    10.500
    10.400
    10.100
     9.500
     8.600
     8.200
     8.250
     8.270
     8.640
     8.980
     8.990
     9.270
     9.920
    10.400
    10.700
    10.700
    10.300
     9.070
     8.960
     9.160
     9.220
     9.200
     9.290
     9.380
     9.340
     9.150
     9.040
     9.060
     9.000
     8.830
     8.520
     8.080
     8.080
     7.860
     7.720
     7.470
     7.280
     7.130
     7.200
     7.560
     7.880
     8.200
     8.300
     7.980
     7.600
     7.650
     7.600
     7.530
     7.710
     7.870
     7.890
     7.830
     7.750
     7.680
     7.620
     7.560
     7.530
     7.630
     7.730
     7.780
     7.750
     7.500
     7.230
     7.150
     7.500
     7.990
     7.980
     7.610
     7.700
     7.840
     7.910
     7.910
     7.950
     8.010
     8.130
     8.280
     8.410
     8.510
     8.550
     8.550
     8.510
     8.450
     8.410
     8.390
     8.400
     8.420
     8.520
     8.470
     8.500
     8.580
     8.510
     8.590
     8.660
     8.700
     8.770
     8.690
     8.650
     8.710
     8.730
     8.750
     8.620
     8.590
     8.610
     8.560
     8.550
     8.500
     8.390
     8.470
     8.540
     8.710
     8.920
     8.800
     8.480
     8.370
     8.260
     8.030
     8.070
     8.050
     8.230
     8.180
     8.240
     8.410
     8.730
     8.860
     8.930
     8.870
     8.940
     8.850
     8.790
     9.130
     9.690
     9.940
    10.200
    10.400
    10.400
    10.900
    11.000
    11.000
    12.100
    14.700
    17.800
    20.200
    25.800
    29.900
    33.200
    32.000
    32.400
    32.900
    33.600
    40.100
    52.500
    62.600
    74.900
    87.600
    93.900
    83.700
    73.600
    67.800
    67.100
    71.300
    73.700
    83.100
    94.500
    99.700
   120.000
   137.000
   138.000
   124.000
   127.000
   138.000
   143.000
   152.000
   148.000
   143.000
   132.000
   136.000
   145.000
   148.000
   162.000
   176.000
   173.000
   179.000
   177.000
   148.000
   125.000
   112.000
   121.000
   151.000
   178.000
   151.000
   124.000
   117.000
   121.000
   120.000
   123.000
   132.000
   152.000
   141.000
   118.000
   104.000
   103.000
   113.000
   130.000
   119.000
   105.000
    98.500
   104.000
   129.000
   149.000
   129.000
   116.000
   106.000
    98.100
    91.600
   105.000
   121.000
   111.000
   103.000
   102.000
    96.000
    97.600
    92.000
    83.600
    77.700
    74.300
    72.700
    71.800
    68.700
    65.600
    63.700
    69.300
    70.100
    65.800
    64.100
    64.900
    64.200
    56.900
    53.200
    49.800
    46.300
    44.800
    45.800
    49.600
    51.600
    51.300
    50.400
    48.700
    47.200
    45.700
    45.400
    45.900
    43.500
    40.200
    37.400
    34.900
    33.700
    32.700
    32.200
    32.000
    32.000
    32.100
    32.100
    32.800
    33.100
    32.700
    32.600
    34.000
    33.400
    31.600
    32.700
    33.400
    30.600
    29.100
    29.200
    32.400
    34.200
    35.700
    36.700
    37.900
    34.200
    31.800
    30.400
    39.900
    45.200
    41.600
    39.400
    38.000
    37.100
    36.200
    34.000
    32.400
    31.300
    30.900
    30.400
    29.100
    28.000
    26.600
    25.600
    25.100
    24.400
    24.000
    23.900
    23.400
    23.600
    23.000
    22.000
    20.700
    21.000
    19.700
    20.500
    20.000
    20.100
    19.100
    18.300
    18.000
    18.800
    14.200
    12.500
    12.400
    13.000
    14.100
    16.000
    17.200
    17.000
    16.300
    15.500
    13.800
    12.300
    11.300
    10.100
     9.110
     8.700
     9.600
    11.900
    13.600
    14.700
    14.500
    14.200
    14.400
    15.100
    14.500
    14.400
    12.800
    12.700
    12.100
    12.400
    11.000
    10.700
    10.500
     9.730
    10.200
    11.400
    12.200
    12.000
    11.500
    11.700
    11.600
    11.500
    11.600
    11.900
    11.600
    11.500
    11.400
    10.100
     9.800
    10.900
    11.500
    11.300
    11.100
    11.000
    11.100
    11.000
    11.100
    10.400
    10.300
    11.200
    11.500
    11.400
    11.100
    10.500
    10.800
    11.000
    10.700
     9.230
     9.000
     9.710
    10.000
     9.980
     9.530
     9.320
     9.360
     9.510
     9.580
     9.570
     9.900
    10.100
    10.100
    10.100
    10.200
    10.100
    10.100
    10.300
    10.300
    10.000
     9.620
     9.120
     8.930
     8.820
     8.480
     8.050
     7.730
     7.430
     7.370
     7.450
     7.550
     7.620
     7.660
     7.590
     7.520
     7.700
     7.990
     8.070
     8.090
     8.170
     8.090
     7.980
     7.710
     7.450
     7.410
     7.450
     7.430
     7.370
     7.360
     7.560
     8.010
     8.210
     8.200
     8.200
     7.910
     7.840
     7.960
     8.030
     8.000
     7.960
     7.930
     7.880
     7.880
     7.960
     8.100
     8.220
     8.310
     8.350
     8.370
     8.360
     8.360
     8.380
     8.580
     8.630
     8.660
     8.620
     8.660
     8.670
     8.650
     8.530
     8.600
     8.630
     8.510
     8.580
     8.510
     8.370
     8.270
     8.130
     8.290
     8.530
     8.960
     9.900
    10.600
    10.500
    10.200
     9.950
    10.000
    10.300
    10.300
    10.400
    10.700
    11.100
    12.000
    15.100
    18.800
    21.400
    23.000
    23.800
    24.100
    24.000
    24.200
    23.800
    23.400
    22.700
    22.600
    21.900
    21.900
    23.500
    29.300
    31.800
    29.500
    27.800
    28.700
    34.400
    43.900
    59.000
    66.200
    61.500
    53.900
    48.600
    46.100
    52.300
    65.100
    63.500
    57.700
    53.000
    51.900
    55.400
    63.500
    68.300
    65.300
    65.400
    73.600
    85.900
    83.600
   109.000
   239.000
   332.000
   275.000
   205.000
   172.000
   149.000
   154.000
   160.000
   169.000
   161.000
   147.000
   152.000
   176.000
   173.000
   168.000
   165.000
   172.000
   195.000
   236.000
   258.000
   242.000
   218.000
   189.000
   178.000
   182.000
   189.000
   195.000
   187.000
   179.000
   158.000
   146.000
   143.000
   152.000
   167.000
   182.000
   192.000
   190.000
   189.000
   186.000
   204.000
   200.000
   181.000
   175.000
   170.000
   161.000
   168.000
   164.000
   144.000
   135.000
   120.000
   116.000
   112.000
   108.000
   104.000
    99.800
    98.700
    98.500
    94.600
    92.900
    84.900
    83.200
    86.600
    90.300
    91.300
    87.000
    81.100
    76.000
    71.200
    67.300
    65.200
    67.200
    62.300
    58.400
    56.000
    55.100
    56.100
    56.700
    55.900
    54.300
    53.200
    48.800
    44.900
    42.600
    41.600
    43.700
    42.600
    39.700
    38.100
    37.600
    35.300
    33.500
    32.300
    32.000
    30.700
    29.900
    30.200
    31.800
    32.400
    30.300
    28.900
    27.900
    27.300
    27.000
    26.600
    26.100
    25.800
    25.700
    26.000
    26.400
    26.700
    27.000
    27.600
    29.200
    28.000
    27.000
    26.800
    27.100
    26.100
    28.600
    29.100
    26.700
    25.100
    24.100
    23.400
    23.100
    22.700
    21.900
    21.500
    21.000
    20.800
    21.100
    22.500
    23.600
    23.500
    22.200
    22.200
    23.300
    22.100
    21.300
    20.500
    19.600
    19.100
    18.700
    18.600
    18.500
    18.400
    18.300
    18.800
    18.700
    18.700
    18.100
    16.400
    17.700
    17.600
    16.700
    15.000
    12.900
    11.200
    10.500
    11.300
    13.200
    13.300
    13.300
    13.800
    14.100
    13.900
    13.800
    14.300
    14.400
    10.900
    11.400
    12.100
    11.800
    11.600
    11.600
    12.500
    13.300
    13.300
    13.400
    13.100
    11.900
    12.800
    13.700
    12.900
    11.900
     9.640
     8.840
    10.400
    11.600
    11.200
    10.000
     9.750
     9.190
     9.110
     8.990
     8.520
     7.500
     7.460
     7.510
     7.370
     6.960
     6.310
     6.120
     6.300
     6.520
     6.620
     6.560
     6.380
     6.140
     5.610
     5.310
     5.500
     5.600
     5.630
     6.770
     8.540
     8.330
    10.700
     8.230
     6.370
     5.900
     5.880
     6.040
     6.210
     6.730
     8.270
    10.100
     8.420
     6.890
     8.070
     8.530
     9.160
     9.930
    10.300
    10.200
     9.330
     7.940
     7.010
     7.370
     7.960
     7.820
     7.880
     9.210
    10.400
    10.300
     9.770
     9.200
     8.750
     7.940
     7.830
     7.540
     8.990
     9.020
     7.970
     7.280
     8.800
     8.800
     8.330
     7.310
     7.210
     6.260
     7.350
     8.430
     8.060
     8.470
     8.260
     7.980
     8.300
     8.320
     8.720
     8.690
     7.950
     7.840
     7.860
     8.830
     8.720
     8.360
     8.190
     8.430
     8.050
     8.490
     8.570
     8.830
     9.110
     8.510
     7.650
     7.520
     8.930
     8.870
     8.060
     6.580
     6.450
     6.920
     7.860
     8.510
     8.640
     8.740
     8.940
     9.350
     9.980
    10.300
    10.900
    11.200
    11.600
    12.300
    12.300
    11.500
    10.800
    10.700
    10.600
    10.300
    10.100
    10.100
     9.750
     9.430
     9.140
     9.250
     9.600
     9.860
     9.890
     9.330
     9.280
     9.450
     9.280
     9.660
    10.700
    11.600
    11.900
    11.400
    10.800
    10.700
    10.800
    11.900
    14.000
    18.000
    25.400
    33.200
    42.500
    52.100
    60.900
    74.200
    96.400
   101.000
    89.200
    79.100
    71.900
    66.200
    64.500
    66.600
    70.800
    81.300
    82.300
    83.100
    80.800
    73.700
    68.800
    67.800
    71.400
    78.400
    84.600
    89.500
    87.100
    85.900
    87.900
    95.400
   109.000
   123.000
   136.000
   132.000
   123.000
   115.000
   122.000
   129.000
   123.000
   114.000
   116.000
   124.000
   133.000
   140.000
   261.000
   466.000
   405.000
   286.000
   229.000
   197.000
   188.000
   179.000
   165.000
   167.000
   182.000
   179.000
   184.000
   200.000
   204.000
   176.000
   153.000
   132.000
   121.000
   115.000
   106.000
   108.000
   105.000
    96.200
    85.800
    80.600
    79.100
    75.400
    75.300
    76.800
    78.600
    81.800
    85.600
    85.500
    83.500
    81.100
    80.200
    77.100
    72.700
    68.200
    64.000
    59.700
    58.000
    58.200
    57.800
    58.600
    61.400
    62.500
    65.200
    64.600
    62.800
    62.000
    62.500
    63.100
    64.200
    62.700
    61.800
    60.600
    60.800
    59.600
    58.100
    55.100
    51.400
    49.000
    46.700
    44.000
    44.600
    45.200
    45.400
    44.700
    45.200
    51.200
    52.600
    48.800
    46.400
    45.400
    44.900
    46.200
    49.000
    57.700
    53.600
    52.000
    48.200
    45.500
    44.200
    44.500
    44.600
    45.700
    45.000
    46.800
    45.000
    41.600
    37.500
    34.800
    33.300
    32.200
    31.400
    30.100
    28.700
    27.300
    26.400
    27.900
    28.400
    27.100
    25.800
    24.500
    23.600
    22.700
    22.300
    22.400
    22.500
    22.100
    21.400
    21.000
    20.400
    19.900
    19.200
    18.600
    19.100
    18.800
    18.100
    17.800
    17.500
    17.200
    17.000
    16.900
    16.600
    16.400
    16.100
    16.700
    16.300
    14.300
    14.700
    15.600
    15.600
    15.600
    15.900
    15.000
    11.300
    11.200
    12.000
    12.900
    12.900
    11.800
    10.100
     8.840
    10.600
    12.600
    12.700
    12.000
    10.900
     9.560
     8.100
     6.820
     6.110
     6.500
     7.550
     8.750
     9.520
     9.400
     8.730
     8.270
     8.680
     9.580
     9.990
     9.330
     7.990
     6.630
     5.860
     5.850
     6.230
     6.930
     7.830
     8.830
     9.860
    10.900
    11.400
    11.600
    11.600
    11.400
    11.000
    10.000
     8.770
     8.270
     8.650
     9.000
     9.270
    10.100
     9.960
    10.500
    10.200
     9.620
     9.320
     9.430
     9.100
