          BIAS             NSD             NSW             TPD  
 -0.6213555E-01  -0.5307269       0.2236849E-01              30 
  0.4667330       0.4097941       0.5621203                 144    1.000000       -2.476733       -1.900996                1681 
  0.4667330       0.4097941       0.5621203                 144   0.5408480      -0.2562765       0.7183689E-01             130 
  0.4460744       0.4498118       0.6265583                 138 
  0.4577051       0.3473509       0.5511421                  80 
  0.3944465       0.3707802       0.5342612                  91 
  0.4199654       0.4983595       0.6260073                  87 
  0.4198586       0.4984285       0.6260699                  87 
  0.9567752      -0.7057962      -0.4111631                  59 
  0.9574443      -0.7085044      -0.4134953                  59 
  0.3501554       0.5751520       0.6955925                  68 
  0.3501554       0.5751520       0.6955925                  68 
  0.3501554       0.5751520       0.6955925                  68 
  0.2882977       0.6821492       0.7636724                  89 
  0.2962520       0.6982142       0.7756822                  47 
  0.9574513      -0.7082261      -0.4132565                  69 
