ROF         D M Y  r2c  gru 10
PREC        D M Y  r2c  gru 10
EVAP        D M Y  r2c  gru 10
STGW        D M Y  r2c  gru 10
ROFSNO      D M Y  tsk 2 4 7 9 13 31 47 52 62 70 78 86 105 117 123 129 136 142 155 163 171 178 182 194 199 205 211 244 305 313 318 
ROFO        D M Y  tsk 2 4 7 9 13 31 47 52 62 70 78 86 105 117 123 129 136 142 155 163 171 178 182 194 199 205 211 244 305 313 318   
ROF         D M Y  tsk 2 4 7 9 13 31 47 52 62 70 78 86 105 117 123 129 136 142 155 163 171 178 182 194 199 205 211 244 305 313 318 
ROFS        D M Y  tsk 2 4 7 9 13 31 47 52 62 70 78 86 105 117 123 129 136 142 155 163 171 178 182 194 199 205 211 244 305 313 318 
ROFB        D M Y  tsk 2 4 7 9 13 31 47 52 62 70 78 86 105 117 123 129 136 142 155 163 171 178 182 194 199 205 211 244 305 313 318 
DSTGW       D M Y  tsk 2 4 7 9 13 31 47 52 62 70 78 86 105 117 123 129 136 142 155 163 171 178 182 194 199 205 211 244 305 313 318  
PREC        D M Y  tsk 2 4 7 9 13 31 47 52 62 70 78 86 105 117 123 129 136 142 155 163 171 178 182 194 199 205 211 244 305 313 318 
PRECRN      D M Y  tsk 2 4 7 9 13 31 47 52 62 70 78 86 105 117 123 129 136 142 155 163 171 178 182 194 199 205 211 244 305 313 318  
PRECSNO     D M Y  tsk 2 4 7 9 13 31 47 52 62 70 78 86 105 117 123 129 136 142 155 163 171 178 182 194 199 205 211 244 305 313 318  
EVAP        D M Y  tsk 2 4 7 9 13 31 47 52 62 70 78 86 105 117 123 129 136 142 155 163 171 178 182 194 199 205 211 244 305 313 318 
